Matrixaddition:
Daten (n, Zeit in ms)
200	2
400	3
600	4
800	3
1000	4
1200	3
1400	2
1600	3
1800	5
2000	6
2200	6
2400	9
2600	9
2800	10
3000	13
3200	14
3400	15
3600	17
3800	19
4000	21
4200	26
4400	29
4600	29
4800	33
5000	36
5200	103
5400	40
5600	41
5800	45
6000	48
6200	51
6400	60
6600	67
6800	62
7000	68
7200	73
7400	75
7600	80
7800	80
8000	93
8200	91
8400	97
8600	94
8800	112
9000	103
9200	125
9400	116
9600	121
9800	129
10000	159


Polynom 2. Grades approximiert mithilfe eines Regressionsrechners

y = 1.313457876*10^(-6)*x^2 + 3.277148123*10^(-4)*x + 1.96419295
(x = Dimension der Matrix, y = Zeit in ms)

1 Minute: n = ca. 213693
2 Minuten: n = ca. 302134
5 Minuten: n = ca. 477791
10 Minuten: n = ca. 675751